-1730.394 120.0431 -1427.032
-1686.017 108.8555 -1394.998
-1695.736 110.5692 -1338.929
-1705.454 113.7318 -1282.859
-1720.744 122.0321 -1186.433
-1737.926 127.337 -1104.406
-1771.218 129.1711 -1028.957
-1794.434 131.5125 -933.5345
-1779.472 132.7042 -877.7283
-1764.51 134.4092 -821.9221
-1762.64 136.4735 -754.9685
-1760.771 138.5371 -688.039
-1759.099 138.3832 -628.199
-1780.088 137.681 -607.7108
-1849.274 135.2253 -611.7669
-1928.829 129.505 -620.194
-2007.976 126.7476 -632.473
-2087.531 127.3597 -640.9001
-2167.086 126.1389 -649.3272
-2156.131 124.3108 -752.7486
-2146.018 121.6998 -848.2145
-2137.591 119.9364 -927.7694
-2129.164 118.9137 -1007.324
-2120.737 117.6736 -1086.879
-2166.561 117.3008 -1091.733
-2166.561 117.3008 -1091.733
